2 
14 
14 
14 
14 
21 
21 
21 
21 
21 
21 
21 
32 
32 
32 
32 
32 
43 
43 
123 
143 
143 
143 
143 
143 
143 
143 
143 
143 
143 
143 
143 
143 
143 
153 
214 
214 
214 
214 
214 
214 
214 
214 
214 
321 
321 
321 
321 
321 
321 
321 
321 
321 
432 
432 
432 
432 
432 
432 
432 
432 
432 
432 
432 
432 
432 
432 
432 
532 
1432 
1432 
1432 
1432 
1432 
1432 
1432 
1432 
1432 
1432 
2143 
3214 
3214 
3214 
3421 
3421 
4123 
4321 
4321 
4321 
4321 
4321 
4321 
4321 
4321 
4321 
4321 
4321 
4321 
13242 
43214 
